german4.txt
Spanish: 0.363752110652
German: 0.889409072175
Romanian: 0.357960904197
English: 0.360427733501
French: 0.418787593047
Dutch: 0.614447851833
Croatian: 0.176108505831

afrench6.txt
Spanish: 0.54768918041
German: 0.392388711573
Romanian: 0.531250794354
English: 0.355454431653
French: 0.774125803944
Dutch: 0.393655401147
Croatian: 0.247087681376

a